00A00F93
00600F13
00007137
02010113
000071B7
02118193
00007237
02220213
000072B7
02328293
00007337
02430313
000073B7
02538393
00007437
02640413
000074B7
02748493
00100513
00010023
00018023
00020023
00028023
00030023
00038023
00040023
00048023
00000593
00158593
FEA59EE3
00010603
00160613
07F61C63
00000613
00018683
00168693
07F69463
00000693
00020703
00170713
05F71C63
00000713
00028783
00178793
05E79463
00000793
00030803
00180813
03F81C63
00000813
00038883
00188893
03E89463
00000893
00040903
00190913
01F91C63
00000913
00048983
00198993
01F99463
00000993
00C10023
00D18023
00E20023
00F28023
01030023
01138023
01240023
01348023
F55FF0EF